Node (Scene Root, Transform: [0.000000 0.000000 0.000000] [-1.000000 0.000007 0.000000] [-0.000007 -1.000000 0.000000] [0.000000 0.000000 1.000000])
	Mesh Holder (Object01, Transform: [-0.000000 -0.072641 -0.268378] [1.000000 0.000000 0.000000] [0.000000 0.000000 -1.000000] [0.000000 1.000000 0.000000])
	Mesh Holder (Object02, Transform: [-0.000000 -0.072641 -0.268378] [1.000000 0.000000 0.000000] [0.000000 0.000000 -1.000000] [0.000000 1.000000 0.000000])
	Mesh Holder (Object03, Transform: [-0.000000 -0.072641 -0.268378] [1.000000 0.000000 0.000000] [0.000000 0.000000 -1.000000] [0.000000 1.000000 0.000000])
	Mesh Holder (Object04, Transform: [-0.000000 -0.072641 -0.268378] [1.000000 0.000000 0.000000] [0.000000 0.000000 -1.000000] [0.000000 1.000000 0.000000])
	Mesh Holder (Object05, Transform: [-0.000000 -0.072641 -0.268378] [1.000000 0.000000 0.000000] [0.000000 0.000000 -1.000000] [0.000000 1.000000 0.000000])
	Mesh Holder (Object07, Transform: [-0.000000 -0.072641 -0.268378] [1.000000 0.000000 0.000000] [0.000000 0.000000 -1.000000] [0.000000 1.000000 0.000000])
	Mesh Holder (Object06, Transform: [-0.000000 -0.072641 -0.268378] [1.000000 0.000000 0.000000] [0.000000 0.000000 -1.000000] [0.000000 1.000000 0.000000])
	Mesh Holder (Object08, Transform: [-0.000000 -0.072641 -0.268378] [1.000000 0.000000 0.000000] [0.000000 0.000000 -1.000000] [0.000000 1.000000 0.000000])
	Mesh Holder (Object09, Transform: [-0.000000 -0.072641 -0.268378] [1.000000 0.000000 0.000000] [0.000000 0.000000 -1.000000] [0.000000 1.000000 0.000000])
	Mesh Holder (Object10, Transform: [-0.000000 -0.072641 -0.268378] [1.000000 0.000000 0.000000] [0.000000 0.000000 -1.000000] [0.000000 1.000000 0.000000])
	Mesh Holder (Object11, Transform: [-0.000000 -0.072641 -0.268378] [1.000000 0.000000 0.000000] [0.000000 0.000000 -1.000000] [0.000000 1.000000 0.000000])
	Mesh Holder (Object12, Transform: [-0.000000 -0.072641 -0.268378] [1.000000 0.000000 0.000000] [0.000000 0.000000 -1.000000] [0.000000 1.000000 0.000000])
	Mesh Holder (Object13, Transform: [-0.000000 -0.072641 -0.268378] [1.000000 0.000000 0.000000] [0.000000 0.000000 -1.000000] [0.000000 1.000000 0.000000])
	Mesh Holder (Object14, Transform: [-0.000000 -0.072641 -0.268378] [1.000000 0.000000 0.000000] [0.000000 0.000000 -1.000000] [0.000000 1.000000 0.000000])
	Mesh Holder (Object15, Transform: [-0.000000 -0.072641 -0.268378] [1.000000 0.000000 0.000000] [0.000000 0.000000 -1.000000] [0.000000 1.000000 0.000000])
	Mesh Holder (Object16, Transform: [-0.000000 -0.072641 -0.268378] [1.000000 0.000000 0.000000] [0.000000 0.000000 -1.000000] [0.000000 1.000000 0.000000])
	Mesh Holder (Object17, Transform: [-0.000000 -0.072641 -0.268378] [1.000000 0.000000 0.000000] [0.000000 0.000000 -1.000000] [0.000000 1.000000 0.000000])
	Mesh Holder (Object18, Transform: [-0.000000 -0.072641 -0.268378] [1.000000 0.000000 0.000000] [0.000000 0.000000 -1.000000] [0.000000 1.000000 0.000000])
	Mesh Holder (Object19, Transform: [-0.000000 -0.072641 -0.268378] [1.000000 0.000000 0.000000] [0.000000 0.000000 -1.000000] [0.000000 1.000000 0.000000])
	Mesh Holder (Object20, Transform: [-0.000000 -0.072641 -0.268378] [1.000000 0.000000 0.000000] [0.000000 0.000000 -1.000000] [0.000000 1.000000 0.000000])
	Mesh Holder (Object21, Transform: [-0.000000 -0.072641 -0.268378] [1.000000 0.000000 0.000000] [0.000000 0.000000 -1.000000] [0.000000 1.000000 0.000000])
	Mesh Holder (Object22, Transform: [-0.000000 -0.072641 -0.268378] [1.000000 0.000000 0.000000] [0.000000 0.000000 -1.000000] [0.000000 1.000000 0.000000])
	Mesh Holder (Object23, Transform: [-0.000000 -0.072641 -0.268378] [1.000000 0.000000 0.000000] [0.000000 0.000000 -1.000000] [0.000000 1.000000 0.000000])
	Mesh Holder (Object24, Transform: [-0.000000 -0.072641 -0.268378] [1.000000 0.000000 0.000000] [0.000000 0.000000 -1.000000] [0.000000 1.000000 0.000000])
	Mesh Holder (Object25, Transform: [-0.000000 -0.072641 -0.268378] [1.000000 0.000000 0.000000] [0.000000 0.000000 -1.000000] [0.000000 1.000000 0.000000])
	Mesh Holder (Object26, Transform: [-0.000000 -0.072641 -0.268378] [1.000000 0.000000 0.000000] [0.000000 0.000000 -1.000000] [0.000000 1.000000 0.000000])
	Mesh Holder (Object27, Transform: [-0.000000 -0.072641 -0.268378] [1.000000 0.000000 0.000000] [0.000000 0.000000 -1.000000] [0.000000 1.000000 0.000000])
	Mesh Holder (Object28, Transform: [-0.000000 -0.072641 -0.268378] [1.000000 0.000000 0.000000] [0.000000 0.000000 -1.000000] [0.000000 1.000000 0.000000])
